4.8500877762418275E-004,-1.3313741267534955E-002
4.8625132131612696E-004,-1.3340413873999462E-002
4.8749642888317412E-004,-1.3367139906062598E-002
4.8874399577932015E-004,-1.3393919524151594E-002
4.8999401349285494E-004,-1.3420752837438385E-002
4.9124660544357449E-004,-1.3447639920307914E-002
4.9250169151038195E-004,-1.3474580891554049E-002
4.9375931110619557E-004,-1.3501575829817586E-002
4.9501945275871049E-004,-1.3528624904407545E-002
4.9628208982257344E-004,-1.3555728193594649E-002
4.9754729113161381E-004,-1.3582885784346370E-002
4.9881503781203952E-004,-1.3610097874837523E-002
5.0008529655715909E-004,-1.3637364443973872E-002
5.0135810826018828E-004,-1.3664685685304300E-002
5.0263351233404547E-004,-1.3692061659891078E-002
5.0391142144118382E-004,-1.3719492552586341E-002
5.0519194623383423E-004,-1.3746978392996038E-002
5.0647502157891101E-004,-1.3774519338031695E-002
5.0776065265745510E-004,-1.3802115517589407E-002
5.0904887370134381E-004,-1.3829766945361928E-002
5.1033968915146957E-004,-1.3857473823039776E-002
5.1163306866173531E-004,-1.3885236255168958E-002
5.1292905867647229E-004,-1.3913054330752352E-002
5.1422769583304127E-004,-1.3940928105856225E-002
5.1552891814398837E-004,-1.3968857813072307E-002
5.1683268860187848E-004,-1.3996843501065373E-002
5.1813910342604283E-004,-1.4024885207397969E-002
5.1944815780551501E-004,-1.4052983168732646E-002
5.2075987098416108E-004,-1.4081137466115685E-002
5.2207415284887676E-004,-1.4109348124527103E-002
5.2339107648934622E-004,-1.4137615420967553E-002
5.2471067206662908E-004,-1.4165939320279973E-002
5.2603292773834628E-004,-1.4194320012867615E-002
5.2735780557187657E-004,-1.4222757568119419E-002
5.2868535682251770E-004,-1.4251252118336966E-002
5.3001555891573433E-004,-1.4279803811735036E-002
5.3134844386295774E-004,-1.4308412715852195E-002
5.3268399001483839E-004,-1.4337078944116233E-002
5.3402221698531686E-004,-1.4365802668241648E-002
5.3536318565162392E-004,-1.4394583941334110E-002
5.3670677351914942E-004,-1.4423422882002448E-002
5.3805307347655539E-004,-1.4452319656595082E-002
5.3940208052783822E-004,-1.4481274318032648E-002
5.4075379818870398E-004,-1.4510287051167279E-002
5.4210823922671810E-004,-1.4539357926313104E-002
5.4346534183946377E-004,-1.4568487038024120E-002
5.4482523999385604E-004,-1.4597674573928023E-002
5.4618784283664179E-004,-1.4626920565481132E-002
5.4755318089895499E-004,-1.4656225239724064E-002
5.4892122753544238E-004,-1.4685588606833859E-002
5.5029207841032367E-004,-1.4715010828347974E-002
5.5166560991876557E-004,-1.4744492064323565E-002
5.5304193733892847E-004,-1.4774032315685819E-002
5.5442100182899056E-004,-1.4803631799668378E-002
5.5580286408114538E-004,-1.4833290654494014E-002
5.5718748875329240E-004,-1.4863008914764678E-002
5.5857488787284810E-004,-1.4892786768478140E-002
5.5996507457745190E-004,-1.4922624331837747E-002
5.6135805978429706E-004,-1.4952521656283833E-002
5.6275384719412717E-004,-1.4982478890956361E-002
5.6415237852023203E-004,-1.5012496177778846E-002
5.6555379180034436E-004,-1.5042573635360115E-002
5.6695796768548620E-004,-1.5072711399887532E-002
5.6836497593467251E-004,-1.5102909563879684E-002
5.6977478231602587E-004,-1.5133168255752370E-002
5.7118747379701878E-004,-1.5163487576165813E-002
5.7260293454437945E-004,-1.5193867663342785E-002
5.7402126965922352E-004,-1.5224308672899547E-002
5.7544244898049125E-004,-1.5254810681256458E-002
5.7686648842137994E-004,-1.5285373811278197E-002
5.7829340278486342E-004,-1.5315998200077313E-002
5.7972311472540255E-004,-1.5346683984026206E-002
5.8115574858797912E-004,-1.5377431266745692E-002
5.8259124645595724E-004,-1.5408240167584752E-002
5.8402961591586108E-004,-1.5439110868990037E-002
5.8547089212475400E-004,-1.5470043377252812E-002
5.8691504769713392E-004,-1.5501037925519920E-002
5.8836208411329851E-004,-1.5532094582810227E-002
5.8981207094722552E-004,-1.5563213507515555E-002
5.9126492567233466E-004,-1.5594394779757000E-002
5.9272070879578251E-004,-1.5625638595488930E-002
5.9417941458141652E-004,-1.5656944989683372E-002
5.9564102878137415E-004,-1.5688314143306688E-002
5.9710557230485618E-004,-1.5719746173487405E-002
5.9857310047797818E-004,-1.5751241190877754E-002
6.0004353836068413E-004,-1.5782799324633685E-002
6.0151694720027900E-004,-1.5814420738513097E-002
6.0299329609555445E-004,-1.5846105552975193E-002
6.0447260669586021E-004,-1.5877853835558540E-002
6.0595490250091733E-004,-1.5909665788878848E-002
6.0744015723544699E-004,-1.5941541470112598E-002
6.0892839772983963E-004,-1.5973481055600227E-002
6.1041960640556363E-004,-1.6005484650812921E-002
6.1191381915983107E-004,-1.6037552401374933E-002
6.1341104209886846E-004,-1.6069684392773446E-002
6.1491127281719288E-004,-1.6101880837801206E-002
6.1641450594872597E-004,-1.6134141784382841E-002
6.1792075278073563E-004,-1.6166467408303672E-002
6.1943002108478303E-004,-1.6198857806153100E-002
6.2094230123893525E-004,-1.6231313142244141E-002
6.2245765430546005E-004,-1.6263833522973167E-002
6.2397603069439444E-004,-1.6296419082862210E-002
6.2549744335834063E-004,-1.6329069969385893E-002
6.2702189618307953E-004,-1.6361786274877766E-002
6.2854944245931750E-004,-1.6394568175493226E-002
6.3008001649885717E-004,-1.6427415779108941E-002
6.3161369934798160E-004,-1.6460329195081887E-002
6.3315048712090998E-004,-1.6493308602898119E-002
6.3469029007461226E-004,-1.6526354125237286E-002
6.3623319351122629E-004,-1.6559465849807012E-002
6.3777922093047335E-004,-1.6592643971266401E-002
6.3932835234833854E-004,-1.6625888587500120E-002
6.4088059849697792E-004,-1.6659199797873135E-002
6.4243593051059220E-004,-1.6692577802595667E-002
6.4399437410934891E-004,-1.6726022743221155E-002
6.4555597148172376E-004,-1.6759534667119120E-002
6.4712070634444555E-004,-1.6793113801700243E-002
6.4868855038682630E-004,-1.6826760197664718E-002
6.5025957540329016E-004,-1.6860474043565422E-002
6.5183373568965470E-004,-1.6894255485211652E-002
6.5341103883244421E-004,-1.6928104627889559E-002
6.5499155163007902E-004,-1.6962021619443848E-002
6.5657518748516103E-004,-1.6996006569046450E-002
6.5816201208588742E-004,-1.7030059661919578E-002
