0.99999951499119932,3.0000133137419001
0.99999902873985491,3.0000266541564078
0.99999854124340293,3.0000400212969489
0.99999805249938389,3.0000534152171094
0.99999756250534710,3.0000668359705842
0.99999707125871828,3.0000802836111431
0.99999657875700343,3.0000937581926745
0.99999608499766890,3.0001072597691456
0.99999558997819260,3.0001207883946925
0.99999509369607920,3.0001343441235302
0.99999459614876440,3.0001479270099596
0.99999409733370292,3.0001615371084807
0.99999359724838266,3.0001751744735725
0.99999309589025054,3.0001888391599070
0.99999259325671430,3.0002025312222171
0.99999208934526895,3.0002162507154213
0.99999158415329870,3.0002299976944671
0.99999107767825302,3.0002437722144593
0.99999056991757629,3.0002575743306323
0.99999006086867837,3.0002714040982346
0.99998955052896499,3.0002852615727158
0.99998903889587198,3.0002991468096303
0.99998852596678900,3.0003130598646219
0.99998801173906871,3.0003270007933898
0.99998749621012606,3.0003409696518664
0.99998697937741288,3.0003549664960323
0.99998646123828483,3.0003689913819058
0.99998594179010236,3.0003830443657420
0.99998542103020660,3.0003971255038770
0.99998489895602893,3.0004112348526717
0.99998437556492759,3.0004253724687642
0.99998385085423058,3.0004395384087572
0.99998332482127783,3.0004537327294445
0.99998279746344720,3.0004679554876881
0.99998226877806529,3.0004822067404833
0.99998173876248120,3.0004964865449733
0.99998120741401209,3.0005107949583687
0.99998067472999674,3.0005251320379940
0.99998014070775443,3.0005394978413444
0.99997960534454333,3.0005538924259696
0.99997906863774433,3.0005683158495366
0.99997853058464525,3.0005827681698798
0.99997799118253905,3.0005972494448856
0.99997745042871522,3.0006117597326258
0.99997690832045028,3.0006262990912429
0.99997636485508268,3.0006408675789729
0.99997582002981678,3.0006554652542401
0.99997527384194795,3.0006700921755005
0.99997472628874107,3.0006847484014365
0.99997417736748750,3.0006994339907407
0.99997362707538295,3.0007141490022677
0.99997307540974678,3.0007288934950322
0.99997252236778322,3.0007436675280497
0.99997196794675502,3.0007584711605526
0.99997141214386454,3.0007733044519118
0.99997085495634930,3.0007881674615327
0.99997029638143486,3.0008030602490083
0.99996973641633369,3.0008179828740489
0.99996917505824723,3.0008329353964154
0.99996861230437328,3.0008479178760181
0.99996804815196794,3.0008629303729091
0.99996748259814927,3.0008779729472588
0.99996691564015461,3.0008930456593745
0.99996634727515166,3.0009081485696556
0.99996577750034232,3.0009232817386300
0.99996520631284136,3.0009384452269265
0.99996463370987965,3.0009536390953118
0.99996405968858271,3.0009688634047076
0.99996348424610637,3.0009841182161132
0.99996290737959059,3.0009994035906504
0.99996232908616034,3.0010147195895778
0.99996174936301807,3.0010300662742906
0.99996116820724190,3.0010454437062877
0.99996058561596779,3.0010608519471873
0.99996000158632414,3.0010762910587898
0.99995941611540418,3.0010917611029018
0.99995882920032864,3.0011072621415638
0.99995824083821661,3.0011227942368843
0.99995765102611767,3.0011383574511310
0.99995705976116389,3.0011539518466512
0.99995646704042696,3.0011695774859888
0.99995587286098420,3.0011852344317220
0.99995527721992716,3.0012009227466105
0.99995468011432653,3.0012166424935307
0.99995408154119758,3.0012323937354699
0.99995348149763075,3.0012481765355443
0.99995287998065496,3.0012639909570340
0.99995227698733025,3.0012798370633398
0.99995167251469486,3.0012957149179296
0.99995106655976362,3.0013116245844742
0.99995045911957758,3.0013275661267014
0.99994985019115090,3.0013435396085155
0.99994923977151551,3.0013595450939268
0.99994862785766725,3.0013755826470900
0.99994801444659598,3.0013916523322459
0.99994739953529399,3.0014077542138486
0.99994678312075880,3.0014238883563995
0.99994616519997670,3.0014400548245757
0.99994554576992623,3.0014562536831511
0.99994492482759545,3.0014724849970644
0.99994430236991161,3.0014887488313597
0.99994367839385123,3.0015050452512169
0.99994305289637819,3.0015213743219618
0.99994242587445226,3.0015377361090136
0.99994179732497990,3.0015541306779681
0.99994116724493343,3.0015705580945276
0.99994053563120411,3.0015870184245044
0.99993990248068687,3.0016035117338906
0.99993926779036668,3.0016200380888010
0.99993863155714291,3.0016365975554371
0.99993799377789172,3.0016531902001966
0.99993735444950904,3.0016698160895738
0.99993671356888014,3.0016864752901631
0.99993607113291916,3.0017031678687585
0.99993542713851447,3.0017198938922962
0.99993478158251237,3.0017366534277592
0.99993413446177526,3.0017534465423585
0.99993348577319408,3.0017702733033556
0.99993283551358780,3.0017871337781998
0.99993218367982117,3.0018040280344875
0.99993153026875126,3.0018209561399196
0.99993087527716851,3.0018379181623449
0.99993021870194987,3.0018549141697211
0.99992956053990656,3.0018719442301918
