  0.88241444117911461      -0.82294374199652665       -2.8696738868881195       0.91392869116131448        2.8383863173281743       -8.4875849211792698E-002
  0.87200266119837799       -1.6561638970524453        1.2480187784526535       0.39761821748633386       -2.1907757744637260        1.5456412307791512     
   1.2725819396489726        1.8159836376588760      -0.92291490708545665        1.4889232835240942       -1.2115993485114536       0.32589071752175047     
  0.43071271023496827       0.12865198546290690       0.47927185275574991       -2.2202027021488648      -0.56981447911118499       -1.2861605124283026     
  -2.0636729390974322       -1.8519277260294011        1.9032153198270165       0.33452567873395178       0.38995106748537001      -0.19997942068147923     
  -2.1562575312927965       0.64268977826989493       0.81834962622224150      -0.94143712938331003        2.1244328867468125       -3.5889352214497072E-002
  -1.5958805270716270        1.5184391222471456        1.2364021157232117        3.7786603524067108       -1.3923295601020402        1.9754285131291085     
 -0.52642937680390389      -0.30546293379866163       -1.0292512866503678      -0.47967784199390551      -0.37812484448732009      -0.47687592985501470     
   1.3013989140282842        1.8125392075890070      -0.60326227548142475       -2.0434295758706122       0.74230748246011935        2.3627385472326399     
   2.4490247575913147       0.82037544840024212       -3.0155066425249695        1.3763240935225796        2.1097053420054035        1.3158309637372922     
   1.5510969788420705        1.4446546588895497        2.0729125513632112        1.4859724747915681        1.6566075745868971      -0.46438535348614329     
  0.96660122612179278       -3.3240782245584013        1.1229668438022411        1.9988725174914281        1.4724601283605341      -0.47924501401820352     
  -1.5045295704632369       -2.5361034274185315       -1.6770518327078439       0.13213295457701468       -1.3343146377788657      -0.56239677571281732     
 -0.75815595168577454        1.4839904432846212      -0.25188037642554395       0.42057854098281344        1.0670746079569393        1.1787820797597015     
   1.1201887667691768        2.0056094975456622       -1.4059526400887292       -1.0891355303090848       -1.9958990717995679       0.97517952566854160     
 -0.52814926685023833       -1.5629699021957277        4.3827016382437689E-002  -1.5539639672622934       0.98361454531168857       0.79177538603352704     
   6.1718146098246107E-002   1.9949518674972817       -1.0732329157351597       0.81167333324245905      -0.55879241345887842       -1.8721073580375189     
  -1.3963418031102846       -4.0221293466217056E-002  0.51351429603842891        1.0243096490214367      -0.84416961980615024        1.6287975739987570     
   1.0674452042596982        1.8406182442187839        2.2209214909749386       0.73396661568758204       -1.1865494468218065       -2.4673066054161885     
 -0.56635581086537679        5.6571599109231485E-002 -0.12869709057935919       -1.3484219808244196       -2.0816100608980306       -2.6509972114933182     
  0.83420494660600220       0.80738803832963779        2.1791311605319219        2.6255965146994216        1.5218547566379088      -0.52060706331874429     
   1.2193904966626754        2.1242535175113608      -0.39089135648470685       -2.0093573941870968        2.8199257754767144       -2.0072449077868941     
 -0.85763159530647792        2.2724642023147235        2.2036557724242232      -0.59521792097837112        2.7025421454344278        1.2192679599903686     
   2.5641893213764275        2.5153331919608952        1.6308692423931479        1.3111181045675464        1.1615118403363769       -2.0389365113896636     
 -0.99963731470043704       -7.2443675033847521E-003 -0.22898428461723608       -1.6881116412552331       -8.5001177290687902E-002   1.8769647398444280     
  -1.5491117722236343       0.15200839125365195        2.2812724360919727       -2.3144912942812059       -1.8798197143198503       0.78358365974472521     
  -1.8753891259840199       -1.9842794261603334        1.7063721246566557       -1.0181071310113432       -2.9709677413271200       -1.9311999658660963     
  0.80499856623471666       -2.9050410490960448        2.2395576049432986        1.4322931094635958       -1.6617959632216475        1.2236870283316093     
  -6.7452037839091594E-002  0.95527680321952235       -1.5631993862481786       -1.4604800733412802        1.6367976464416820        1.1128123556526406     
 -0.44415762460421693        2.5788779149481273       0.52047334122948219      -0.59973812594538034        1.3004833084532259       0.74650071799906459     
  -1.2368921860439916       -7.1556175842771852E-003  -1.5910104827701606       -1.0726808181667427        3.3716957481512089       -1.5328910689644726     
  -1.3470938901526601       0.77006691700547658       -1.8400845167553248      -0.25514600199068571       -7.8729616962077476E-002  0.41277803350537501     
   2.0160755449943428       -2.0218162196739149        2.2177894905250959       -2.5458512951261016        1.2934085078987776      -0.26207576151054246     
   2.7036122956088766       -2.3461580107328848        2.5984850801989636       -2.5976553870359567       -2.4166747483929321        1.5231933923259366     
  -2.6726092592982127       0.40747051672252577       -1.5707587743109928      -0.49362358241193505       0.65696828303788091       0.27560364403193949     
  -1.3794746783979872        3.1564373758520086      -0.65929920753913474       0.67958249260661663      -0.28389609611683864       -2.5303477238701539     
  -1.1033724178800761        1.2669514292541308        1.7272777763957343        1.6670054772791925        2.4906952402067124        2.5366487130608060     
  -6.2614228940246375E-002  -1.2605241662265096       -2.5293077579767695       -1.6952769894141884        1.8773348648979642        1.0923929048218746     
 -0.74572810268628609      -0.56373883121733992        1.5975601269392201        1.2589853397242230       -1.4217126526454722        1.1146985683857227     
 -0.23706912639016964       -2.0089982253287451       -3.0250369157933248        4.3314651945446592E-002 -0.80222832651395071       -2.7165919512548928     
  -1.5704480448203264       0.55812339357988050       0.46909679413519279      -0.17269190032330684       0.74806103779656363      -0.33651213867974283     
  -2.5750873893441368        1.8359816455831708       0.71161447877800388       -1.6673431643674486       -1.5250545539951541        2.2493888767783967     
  -1.4126184219291018        1.2992217149118015       -1.7669783959321164       -1.2202662148560086       0.14130734771986198        1.1233901484225388     
 -0.59134221847433199       0.54662553967130967      -0.54568554136103131        5.9197287321835268E-002  -2.2650168908911326      -0.87219139860761130     
  -1.6947814064786724       -2.6054643289198789       0.16236704777981348       -1.1424581974610823       0.10513403455380677       -1.2970285537412922     
 -0.79659454333516666      -0.29424542917270313        3.1197490988112402       -1.3318245702730085       -2.7911582609617982        1.3295821618124799     
  0.33049326467572093      -0.30475066562759479      -0.28160137200765367        2.9793415297706018       0.19508643220064426        1.9781364414324369     
   1.0209706949584589        1.7366617165358418        2.7302859848668528        2.6090519553071476        2.6570543555210007      -0.14217179271908720     
  -1.9226083232608180        2.2856597960427538       -2.7600183371128559      -0.39223710584739158       -1.9317722534602066E-002 -0.22902753104665963     
  -2.6791265540940516      -0.13327004600625281        2.6745119834492246       -1.8177162234945490       0.14072431918250516       -1.6922214557864290     
  -2.0885536094635149       -1.8884457671987929        1.3457459651040253       0.43201882530283608       -2.1288188566986510        2.2880969992345426     
 -0.36056716015109946       -1.3341381216501207        2.4584888056755267       -1.4793707410524062        6.3363711830080716E-002   2.1427626582194965     
   2.2752443333797112E-002 -0.65572433328622093      -0.45245546345888998      -0.16220411545648339        2.4703815759789149      -0.58399467300251029     
  0.89377163546014826        3.8509690138397197        1.9444583254969805       -1.0505984913442747       -1.8708796364653106       0.25415778480334106     
  0.75889595732067205       -1.9750853395031498        2.2081335660089119        1.7981754159084933        1.4321911051944340       -1.3906028846722567     
   3.2336551870064936      -0.68218890488664352       -2.0603496165853805      -0.84150997079944034       -1.9341850222400818       -2.6564283167609082     
 -0.18226451151591372       -2.7332174735453956       -1.5949052473518313        1.7827534870670068       -1.8683369590128625      -0.56627649431263005     
 -0.25047124264539933        1.4936645950641632       -2.7906704622531944      -0.75290230108725453      -0.35429535057728523      -0.93748618439712683     
   1.6889369198328203        8.8653050849366255E-002  0.37286205016376006        1.8100627450761528        1.7648082579869795      -0.54277422664285935     
 -0.93837795451711348        2.0198027142369668        1.5726630116283569       0.62020277851731564       -1.4760289810309413E-002  0.47693959006037068     
 -0.46160249946676279      -0.71113838819114916        1.6756578097528911       -1.1460186803354924      -0.13719483200395333      -0.21104388211645286     
  0.29261166178449305       -1.7167051979845169       0.31038552820924314        1.9163004245879824       -1.5145967529422126        1.8158306912090234     
 -0.58018446098551690       -1.6260799748418111      -0.77395865758274629        1.6847973721299314      -0.64093987053282075       -1.2217208827430661     
   1.1379338859435957       0.84878043524193980      -0.50063487130697693        2.0330870844267972       0.54743960919963175      -0.73726444673660774     
   1.6449359547451450        1.9440015063025069      -0.85974088959855510       0.42537156234620443        1.1493118831769844E-002  -2.6334685432104084     
  -1.0520932420743843      -0.33293755476664211       -2.3711300644490705      -0.16975584257621235        1.2098748572659388       -1.1385190242758298     
 -0.12779583249422644        1.1185084281299513        1.5234936837860138       -2.6446375035784762        2.9200203185714830        1.1090317091692776     
   1.7389145824683170      -0.25821068691048099        1.0233620455310128        2.7360719363754775       -2.0638823664197421        2.4366912697294474     
  0.37396356239308726      -0.73867209203044704      -0.10902795081702754      -0.92350978565484043      -0.30897977978665847        1.3580708420737806     
 -0.40106901454298516        2.2649567695951389E-002   1.7023990215273574      -0.97351296233793583        1.5385924480013999       -1.1218449654108484     
 -0.26954510616360794        1.2278561277147046        1.5734843411653967        7.5949322566378541E-002  -2.0809982071120752       -1.5037546099637997     
  -2.2089321880389314      -0.21195422152801291       -1.8249277270689901       0.27215509972818108      -0.53861788055827342       0.50298275728779485     
 -0.30971106835867113       0.44520965915760236      -0.58792645253425579       -2.8660911280582870       -1.5582552002878525      -0.35205780222361382     
  0.75541787134842420       -1.9130809021678479       -1.9221245614863289        2.3350406641454997      -0.22560195490382629        4.2186905639756134E-003
  0.80544131791811469       -1.2535757459126358       0.88834304325011215       0.78179868422024834       0.33066898359234165        1.5995032055302305     
 -0.75977343629574701      -0.13265844821758965      -0.44908364395356826        2.0479992441944770       -2.4150179581285967       0.69373706534824686     
  -2.3409768434569651       -2.8703051870386824       0.26930554729637324       -1.4678395467269789       0.77790301928247785        1.1080143411196797     
   2.3770340031192250        1.4854287935852604       0.43186405183092325      -0.64079970217794147        1.0670861964037379       -1.9608787357483246     
   2.4758172789532265        2.0924101300985574       0.85593186559992152       -1.9579239359493192       -1.6805333857612061       -1.9614544720299203     
 -0.72338559402231728        2.7255456039508674       0.30658283510864293      -0.17186047850918462      -0.26034588105053280       0.30203603017191261     
   2.7994240201775504       0.28790500149780540       -1.6650677237578360        2.3353696907487160      -0.56180739520625367        3.3863471192043151     
  0.18720286215823190        1.6815570921594176        1.6149753427866318       -2.6484317677441132       -1.1214052270216415       -1.9909902444321173     
  0.23719107679491647       0.47883914364009095       0.10086535280590558        3.5127587624623757E-003  -1.4072355391474525      -0.63298824351117655     
   1.0776654274849367       -1.0693394316056137       -1.9954086928617696       -1.7359846173170921        1.3645974701188037       -1.5095254882493814     
  0.87044770709947894       0.38224198468547332        1.2702255082014546        1.4373046710242758        1.2096853324234682        1.6804623482004879     
  -1.8042057259716575       -2.1050516042404461        2.8604550208804329        2.4896566746732356       0.31537713059582206        1.8607904921194516     
 -0.40755277171441140       -1.9934023489461754       -2.1825752860593086       -2.1041105424762021       -1.4937092339372517        2.0584352964205745     
 -0.99850900541024989        3.4448685190744861       0.60296685774879699       0.40073415541572843       -1.1444263115163027      -0.82605290164380629     
 -0.71204308669828864       -2.4743066079621916       0.23908482893348815        3.3566276816084581      -0.42077833679988497        1.7315699611165500     
   2.0619906938080654        2.4316520634879479      -0.38297227860497629      -0.59286381969993562      -0.64958672939091611        2.5332139794559252     
  -1.4511085610024417       -2.4892978760156081       0.82479830827210066       0.74604804610043041        1.2898422418604234       -4.7505623788457796E-002
  -1.6320264521362324      -0.58591987590443362       -2.0291150797924762       0.65837266241628012      -0.55600402237754398       0.15566379510696615     
   2.4128495115816713       -1.7272333413658738       -2.5370883582013395       -1.7264476317741089      -0.78094726190458696      -0.20294322823242850     
 -0.30494750682379779      -0.22662019420569324        1.9891332056115230       -3.3569452016048471        2.8537511070849724        1.6626792863622957     
  0.35084013148463344        1.1011736126619338       0.51225942862505569      -0.29535278952572308       0.57772108262351762        1.3222273003361718     
  -2.9608584028810396        2.2177459936863153       -2.4297891256701645       0.79296127911493242       -1.0315667986943304        2.1626098882785563     
  -1.2826511115493830       -1.6748549127194226        1.8725010347255742       0.93189993976426788      -0.83849688208161288        2.0782649099310548     
   2.0498243991867233        1.8468559300170413       -2.8774560929456392       -2.1890333801715243        1.5735626688863991        1.2398832062585008     
 -0.54708331812803701       -2.5503773539211547       0.44138583714174651      -0.16367340755268811        1.0160992342317710      -0.28376389545941771     
   1.2758128580813797       -1.8206163185696620       -2.1967656619839282        2.9397330945217357       -9.0655703118690534E-003   3.0324661007692253     
